0
27
35
42
50
57
65
72
79
87
94
101
109
116
124
131
138
145
153
160
167
175
182
189
196
204
211
218
225
232
240
247
254
261
268
275
283
290
297
304
311
318
325
332
339
346
353
361
368
375
382
389
396
403
410
416
423
430
437
444
451
458
465
472
479
486
493
499
506
513
520
527
534
540
547
554
561
568
574
581
588
595
601
608
615
622
628
635
642
648
655
662
668
675
682
688
695
701
708
715
721
728
734
741
748
754
761
767
774
780
787
793
800
806
813
819
826
832
839
845
851
858
864
871
877
884
890
896
903
909
915
922
928
934
941
947
953
960
966
972
979
985
991
997
1004
1010
1016
1022
1029
1035
1041
1047
1053
1060
1066
1072
1078
1084
1091
1097
1103
1109
1115
1121
1127
1133
1140
1146
1152
1158
1164
1170
1176
1182
1188
1194
1200
1206
1212
1218
1224
1230
1236
1242
1248
1254
1260
1266
1272
1278
1284
1290
1296
1302
1307
1313
1319
1325
1331
1337
1343
1349
1354
1360
1366
1372
1378
1384
1389
1395
1401
1407
1413
1418
1424
1430
1436
1441
1447
1453
1459
1464
1470
1476
1481
1487
1493
1499
1504
1510
1516
1521
1527
1532
1538
1544
1549
1555
1561
1566
1572
1577
1583
1589
1594
1600
1605
1611
1616
1622
1628
1633
1639
1644
1650
1655
1661
1666
1672
1677
1683
1688
1694
1699
1704
1710
1715
1721
1726
1732
1737
1742
1748
1753
1759
1764
1769
1775
1780
1785
1791
1796
1802
1807
1812
1818
1823
1828
1833
1839
1844
1849
1855
1860
1865
1870
1876
1881
1886
1891
1897
1902
1907
1912
1918
1923
1928
1933
1938
1944
1949
1954
1959
1964
1969
1975
1980
1985
1990
1995
2000
2005
2010
2016
2021
2026
2031
2036
2041
2046
2051
2056
2061
2066
2071
2076
2081
2086
2091
2096
2101
2106
2111
2116
2121
2126
2131
2136
2141
2146
2151
2156
2161
2166
2171
2176
2181
2186
2191
2196
2200
2205
2210
2215
2220
2225
2230
2235
2239
2244
2249
2254
2259
2264
2269
2273
2278
2283
2288
2293
2297
2302
2307
2312
2316
2321
2326
2331
2335
2340
2345
2350
2354
2359
2364
2369
2373
2378
2383
2387
2392
2397
2401
2406
2411
2415
2420
2425
2429
2434
2439
2443
2448
2453
2457
2462
2466
2471
2476
2480
2485
2489
2494
2498
2503
2508
2512
2517
2521
2526
2530
2535
2539
2544
2548
2553
2557
2562
2566
2571
2575
2580
2584
2589
2593
2598
2602
2607
2611
2615
2620
2624
2629
2633
2638
2642
2646
2651
2655
2660
2664
2668
2673
2677
2681
2686
2690
2694
2699
2703
2707
2712
2716
2720
2725
2729
2733
2738
2742
2746
2751
2755
2759
2763
2768
2772
2776
2780
2785
2789
2793
2797
2802
2806
2810
2814
2818
2823
2827
2831
2835
2839
2844
2848
2852
2856
2860
2864
2869
2873
2877
2881
2885
2889
2893
2898
2902
2906
2910
2914
2918
2922
2926
2930
2934
2938
2943
2947
2951
2955
2959
2963
2967
2971
2975
2979
2983
2987
2991
2995
2999
3003
3007
3011
3015
3019
3023
3027
3031
3035
3039
3043
3047
3051
3055
3059
3063
3066
3070
3074
3078
3082
3086
3090
3094
3098
3102
3106
3109
3113
3117
3121
3125
3129
3133
3136
3140
3144
3148
3152
3156
3159
3163
3167
3171
3175
3178
3182
3186
3190
3194
3197
3201
3205
3209
3212
3216
3220
3224
3227
3231
3235
3239
3242
3246
3250
3254
3257
3261
3265
3268
3272
3276
3279
3283
3287
3290
3294
3298
3301
3305
3309
3312
3316
3320
3323
3327
3331
3334
3338
3341
3345
3349
3352
3356
3359
3363
3367
3370
3374
3377
3381
3384
3388
3391
3395
3399
3402
3406
3409
3413
3416
3420
3423
3427
3430
3434
3437
3441
3444
3448
3451
3455
3458
3462
3465
3469
3472
3475
3479
3482
3486
3489
3493
3496
3499
3503
3506
3510
3513
3517
3520
3523
3527
3530
3533
3537
3540
3544
3547
3550
3554
3557
3560
3564
3567
3570
3574
3577
3580
3584
3587
3590
3594
3597
3600
3604
3607
3610
3613
3617
3620
3623
3627
3630
3633
3636
3640
3643
3646
3649
3653
3656
3659
3662
3665
3669
3672
3675
3678
3682
3685
3688
3691
3694
3697
3701
3704
3707
3710
3713
3716
3720
3723
3726
3729
3732
3735
3738
3742
3745
3748
3751
3754
3757
3760
3763
3766
3770
3773
3776
3779
3782
3785
3788
3791
3794
3797
3800
3803
3806
3809
3812
3815
3818
3822
3825
3828
3831
3834
3837
3840
3843
3846
3849
3852
3855
3858
3860
3863
3866
3869
3872
3875
3878
3881
3884
3887
3890
3893
3896
3899
3902
3905
3908
3910
3913
3916
3919
3922
3925
3928
3931
3934
3937
3939
3942
3945
3948
3951
3954
3957
3959
3962
3965
3968
3971
3974
3976
3979
3982
3985
3988
3990
3993
3996
3999
4002
4004
4007
4010
4013
4016
4018
4021
4024
4027
4029
4032
4035
4038
4040
4043
4046
4049
4051
4054
4057
4059
4062
4065
4068
4070
4073
4076
4078
4081
4084
4086
4089
4092
4094
4097
4100
4102
4105
4108
4110
4113
4116
4118
4121
4123
4126
4129
4131
4134
4137
4139
4142
4144
4147
4150
4152
4155
4157
4160
4162
4165
4168
4170
4173
4175
4178
4180
4183
4185
4188
4190
4193
4196
4198
4201
4203
4206
4208
4211
4213
4216
4218
4221
4223
4226
4228
4230
4233
4235
4238
4240
4243
4245
4248
4250
4253
4255
4257
4260
4262
4265
4267
4270
4272
4274
4277
4279
4282
4284
4286
4289
4291
4294
4296
4298
4301
4303
4305
4308
4310
4313
4315
4317
4320
4322
4324
4327
4329
4331
4334
4336
4338
4341
4343
4345
4347
4350
4352
4354
4357
4359
4361
4363
4366
4368
4370
4373
4375
4377
4379
4382
4384
4386
4388
4391
4393
4395
4397
4399
4402
4404
4406
4408
4411
4413
4415
4417
4419
4422
4424
4426
4428
4430
4432
4435
4437
4439
4441
4443
4445
4447
4450
4452
4454
4456
4458
4460
4462
4465
4467
4469
4471
4473
4475
4477
4479
4481
4483
4486
4488
4490
4492
4494
4496
4498
4500
4502
4504
4506
4508
4510
4512
4514
4516
4518
4521
4523
4525
4527
4529
4531
4533
4535
4537
4539
4541
4543
4545
4547
4549
4551
4553
4555
4556
4558
4560
4562
4564
4566
4568
4570
4572
4574
4576
4578
4580
4582
4584
4586
4588
4589
4591
4593
4595
4597
4599
4601
4603
4605
4606
4608
4610
4612
4614
4616
4618
4620
4621
4623
4625
4627
4629
4631
4632
4634
4636
4638
4640
4642
4643
4645
4647
4649
4651
4652
4654
4656
4658
4660
4661
4663
4665
4667
4668
4670
4672
4674
4676
4677
4679
4681
4683
4684
4686
4688
4689
4691
4693
4695
4696
4698
4700
4701
4703
4705
4707
4708
4710
4712
4713
4715
4717
4718
4720
4722
4723
4725
4727
4728
4730
4732
4733
4735
4737
4738
4740
4742
4743
4745
4746
4748
4750
4751
4753
4754
4756
4758
4759
4761
4762
4764
4766
4767
4769
4770
4772
4773
4775
4777
4778
4780
4781
4783
4784
4786
4787
4789
4790
4792
4793
4795
4797
4798
4800
4801
4803
4804
4806
4807
4809
4810
4811
4813
4814
4816
4817
4819
4820
4822
4823
4825
4826
4828
4829
4831
4832
4833
4835
4836
4838
4839
4841
4842
4843
4845
4846
4848
4849
4850
4852
4853
4855
4856
4857
4859
4860
4861
4863
4864
4866
4867
4868
4870
4871
4872
4874
4875
4876
4878
4879
4880
4882
4883
4884
4886
4887
4888
4890
4891
4892
4893
4895
4896
4897
4899
4900
4901
4902
4904
4905
4906
4908
4909
4910
4911
4913
4914
4915
4916
4918
4919
4920
4921
4922
4924
4925
4926
4927
4929
4930
4931
4932
4933
4935
4936
4937
4938
4939
4940
4942
4943
4944
4945
4946
4947
4949
4950
4951
4952
4953
4954
4955
4957
4958
4959
4960
4961
4962
4963
4964
4966
4967
4968
4969
4970
4971
4972
4973
4974
4975
4977
4978
4979
4980
4981
4982
4983
4984
4985
4986
4987
4988
4989
4990
4991
4992
4993
4994
4995
4996
4997
4998
4999
5000
5001
5002
5003
5004
5005
5006
5007
5008
5009
5010
5011
5012
5013
5014
5015
5016
5017
5018
5019
5020
5021
5022
5023
5024
5025
5026
5027
5027
5028
5029
5030
5031
5032
5033
5034
5035
5036
5036
5037
5038
5039
5040
5041
5042
5043
5043
5044
5045
5046
5047
5048
5049
5049
5050
5051
5052
5053
5054
5054
5055
5056
5057
5058
5059
5059
5060
5061
5062
5063
5063
5064
5065
5066
5066
5067
5068
5069
5070
5070
5071
5072
5073
5073
5074
5075
5076
5076
5077
5078
5079
5079
5080
5081
5081
5082
5083
5084
5084
5085
5086
5086
5087
5088
5088
5089
5090
5091
5091
5092
5093
5093
5094
5095
5095
5096
5097
5097
5098
5098
5099
5100
5100
5101
5102
5102
5103
5103
5104
5105
5105
5106
5107
5107
5108
5108
5109
5110
5110
5111
5111
5112
5112
5113
5114
5114
5115
5115
5116
5116
5117
5117
5118
5119
5119
5120
5120
5121
5121
5122
5122
5123
5123
5124
5124
5125
5125
5126
5126
5127
5127
5128
5128
5129
5129
5130
5130
5131
5131
5131
5132
5132
5133
5133
5134
5134
5135
5135
5136
5136
5136
5137
5137
5138
5138
5138
5139
5139
5140
5140
5140
5141
5141
5142
5142
5142
5143
5143
5144
5144
5144
5145
5145
5145
5146
5146
5146
5147
5147
5147
5148
5148
5148
5149
5149
5149
5150
5150
5150
5151
5151
5151
5152
5152
5152
5153
5153
5153
5153
5154
5154
5154
5154
5155
5155
5155
5156
5156
5156
5156
5157
5157
5157
5157
5158
5158
5158
5158
5158
5159
5159
5159
5159
5159
5160
5160
5160
5160
5160
5161
5161
5161
5161
5161
5162
5162
5162
5162
5162
5162
5163
5163
5163
5163
5163
5163
5163
5164
5164
5164
5164
5164
5164
5164
5164
5165
5165
5165
5165
5165
5165
5165
5165
5165
5165
5166
5166
5166
5166
5166
5166
5166
5166
5166
5166
5166
5166
5166
5166
5166
5166
5166
5166
5166
5167
5167
5167
5167
5167
5167
5167
5167
5167
5167
5167
5167
5167
5167
5167
5167
5167
5166
5166
5166
5166
5166
5166
5166
5166
5166
5166
5166
5166
5166
5166
5166
5166
5166
5166
5165
5165
5165
5165
5165
5165
5165
5165
5165
5165
5165
5164
5164
5164
5164
5164
5164
5164
5164
5163
5163
5163
5163
5163
5163
5163
5162
5162
5162
5162
5162
5162
5161
5161
5161
5161
5161
5160
5160
5160
5160
5160
5159
5159
5159
5159
5159
5158
5158
5158
5158
5157
5157
5157
5157
5156
5156
5156
5156
5155
5155
5155
5155
5154
5154
5154
5154
5153
5153
5153
5152
5152
5152
5152
5151
5151
5151
5150
5150
5150
5149
5149
5149
5148
5148
5148
5147
5147
5147
5146
5146
5146
5145
5145
5145
5144
5144
5143
5143
5143
5142
5142
5142
5141
5141
5140
5140
5140
5139
5139
5138
5138
5138
5137
5137
5136
5136
5135
5135
5135
5134
5134
5133
5133
5132
5132
5131
5131
5130
5130
5129
5129
5129
5128
5128
5127
5127
5126
5126
5125
5125
5124
5124
5123
5123
5122
5122
5121
5120
5120
5119
5119
5118
5118
5117
5117
5116
5116
5115
5115
5114
5113
5113
5112
5112
5111
5111
5110
5109
5109
5108
5108
5107
5106
5106
5105
5105
5104
5103
5103
5102
5101
5101
5100
5100
5099
5098
5098
5097
5096
5096
5095
5094
5094
5093
5092
5092
5091
5090
5090
5089
5088
5088
5087
5086
5086
5085
5084
5083
5083
5082
5081
5081
5080
5079
5078
5078
5077
5076
5075
5075
5074
5073
5072
5072
5071
5070
5069
5069
5068
5067
5066
5066
5065
5064
5063
5062
5062
5061
5060
5059
5058
5058
5057
5056
5055
5054
5053
5053
5052
5051
5050
5049
5048
5048
5047
5046
5045
5044
5043
5042
5042
5041
5040
5039
5038
5037
5036
5035
5034
5034
5033
5032
5031
5030
5029
5028
5027
5026
5025
5024
5023
5023
5022
5021
5020
5019
5018
5017
5016
5015
5014
5013
5012
5011
5010
5009
5008
5007
5006
5005
5004
5003
5002
5001
5000
4999
4998
4997
4996
4995
4994
4993
4992
4991
4990
4989
4988
4987
4986
4985
4984
4983
4982
4981
4979
4978
4977
4976
4975
4974
4973
4972
4971
4970
4969
4968
4966
4965
4964
4963
4962
4961
4960
4959
4957
4956
4955
4954
4953
4952
4951
4949
4948
4947
4946
4945
4944
4943
4941
4940
4939
4938
4937
4935
4934
4933
4932
4931
4929
4928
4927
4926
4925
4923
4922
4921
4920
4918
4917
4916
4915
4913
4912
4911
4910
4908
4907
4906
4905
4903
4902
4901
4900
4898
4897
4896
4894
4893
4892
4891
4889
4888
4887
4885
4884
4883
4881
4880
4879
4877
4876
4875
4873
4872
4871
4869
4868
4867
4865
4864
4862
4861
4860
4858
4857
4856
4854
4853
4851
4850
4849
4847
4846
4844
4843
4842
4840
4839
4837
4836
4834
4833
4832
4830
4829
4827
4826
4824
4823
4821
4820
4819
4817
4816
4814
4813
4811
4810
4808
4807
4805
4804
4802
4801
4799
4798
4796
4795
4793
4792
4790
4789
4787
4785
4784
4782
4781
4779
4778
4776
4775
4773
4771
4770
4768
4767
4765
4764
4762
4760
4759
4757
4756
4754
4752
4751
4749
4748
4746
4744
4743
4741
4739
4738
4736
4735
4733
4731
4730
4728
4726
4725
4723
4721
4720
4718
4716
4715
4713
4711
4710
4708
4706
4704
4703
4701
4699
4698
4696
4694
4693
4691
4689
4687
4686
4684
4682
4680
4679
4677
4675
4673
4672
4670
4668
4666
4665
4663
4661
4659
4657
4656
4654
4652
4650
4648
4647
4645
4643
4641
4639
4638
4636
4634
4632
4630
4628
4627
4625
4623
4621
4619
4617
4615
4614
4612
4610
4608
4606
4604
4602
4600
4598
4597
4595
4593
4591
4589
4587
4585
4583
4581
4579
4577
4576
4574
4572
4570
4568
4566
4564
4562
4560
4558
4556
4554
4552
4550
4548
4546
4544
4542
4540
4538
4536
4534
4532
4530
4528
4526
4524
4522
4520
4518
4516
4514
4512
4510
4508
4506
4504
4502
4500
4498
4495
4493
4491
4489
4487
4485
4483
4481
4479
4477
4475
4473
4470
4468
4466
4464
4462
4460
4458
4456
4453
4451
4449
4447
4445
4443
4441
4438
4436
4434
4432
4430
4428
4425
4423
4421
4419
4417
4414
4412
4410
4408
4406
4403
4401
4399
4397
4395
4392
4390
4388
4386
4383
4381
4379
4377
4374
4372
4370
4368
4365
4363
4361
4358
4356
4354
4352
4349
4347
4345
4342
4340
4338
4335
4333
4331
4328
4326
4324
4321
4319
4317
4314
4312
4310
4307
4305
4303
4300
4298
4295
4293
4291
4288
4286
4284
4281
4279
4276
4274
4272
4269
4267
4264
4262
4259
4257
4255
4252
4250
4247
4245
4242
4240
4237
4235
4232
4230
4227
4225
4223
4220
4218
4215
4213
4210
4208
4205
4203
4200
4198
4195
4192
4190
4187
4185
4182
4180
4177
4175
4172
4170
4167
4164
4162
4159
4157
4154
4152
4149
4146
4144
4141
4139
4136
4133
4131
4128
4126
4123
4120
4118
4115
4112
4110
4107
4104
4102
4099
4096
4094
4091
4088
4086
4083
4080
4078
4075
4072
4070
4067
4064
4062
4059
4056
4053
4051
4048
4045
4043
4040
4037
4034
4032
4029
4026
4023
4021
4018
4015
4012
4009
4007
4004
4001
3998
3996
3993
3990
3987
3984
3981
3979
3976
3973
3970
3967
3965
3962
3959
3956
3953
3950
3947
3945
3942
3939
3936
3933
3930
3927
3924
3922
3919
3916
3913
3910
3907
3904
3901
3898
3895
3892
3889
3887
3884
3881
3878
3875
3872
3869
3866
3863
3860
3857
3854
3851
3848
3845
3842
3839
3836
3833
3830
3827
3824
3821
3818
3815
3812
3809
3806
3803
3800
3797
3794
3790
3787
3784
3781
3778
3775
3772
3769
3766
3763
3760
3757
3753
3750
3747
3744
3741
3738
3735
3732
3728
3725
3722
3719
3716
3713
3710
3706
3703
3700
3697
3694
3691
3687
3684
3681
3678
3675
3671
3668
3665
3662
3658
3655
3652
3649
3645
3642
3639
3636
3632
3629
3626
3623
3619
3616
3613
3610
3606
3603
3600
3596
3593
3590
3586
3583
3580
3577
3573
3570
3567
3563
3560
3556
3553
3550
3546
3543
3540
3536
3533
3530
3526
3523
3519
3516
3513
3509
3506
3502
3499
3495
3492
3489
3485
3482
3478
3475
3471
3468
3464
3461
3458
3454
3451
3447
3444
3440
3437
3433
3430
3426
3423
3419
3416
3412
3409
3405
3402
3398
3394
3391
3387
3384
3380
3377
3373
3370
3366
3362
3359
3355
3352
3348
3344
3341
3337
3334
3330
3326
3323
3319
3315
3312
3308
3304
3301
3297
3294
3290
3286
3283
3279
3275
3271
3268
3264
3260
3257
3253
3249
3246
3242
3238
3234
3231
3227
3223
3219
3216
3212
3208
3204
3201
3197
3193
3189
3185
3182
3178
3174
3170
3166
3163
3159
3155
3151
3147
3144
3140
3136
3132
3128
3124
3120
3117
3113
3109
3105
3101
3097
3093
3089
3085
3082
3078
3074
3070
3066
3062
3058
3054
3050
3046
3042
3038
3034
3030
3026
3022
3018
3014
3010
3007
3003
2999
2994
2990
2986
2982
2978
2974
2970
2966
2962
2958
2954
2950
2946
2942
2938
2934
2930
2926
2922
2918
2913
2909
2905
2901
2897
2893
2889
2885
2880
2876
2872
2868
2864
2860
2856
2851
2847
2843
2839
2835
2831
2826
2822
2818
2814
2809
2805
2801
2797
2793
2788
2784
2780
2776
2771
2767
2763
2759
2754
2750
2746
2741
2737
2733
2729
2724
2720
2716
2711
2707
2703
2698
2694
2690
2685
2681
2676
2672
2668
2663
2659
2655
2650
2646
2641
2637
2633
2628
2624
2619
2615
2610
2606
2602
2597
2593
2588
2584
2579
2575
2570
2566
2561
2557
2552
2548
2543
2539
2534
2530
2525
2521
2516
2512
2507
2502
2498
2493
2489
2484
2480
2475
2470
2466
2461
2457
2452
2447
2443
2438
2434
2429
2424
2420
2415
2410
2406
2401
2396
2392
2387
2382
2378
2373
2368
2363
2359
2354
2349
2345
2340
2335
2330
2326
2321
2316
2311
2306
2302
2297
2292
2287
2283
2278
2273
2268
2263
2258
2254
2249
2244
2239
2234
2229
2224
2220
2215
2210
2205
2200
2195
2190
2185
2180
2176
2171
2166
2161
2156
2151
2146
2141
2136
2131
2126
2121
2116
2111
2106
2101
2096
2091
2086
2081
2076
2071
2066
2061
2056
2051
2046
2041
2036
2030
2025
2020
2015
2010
2005
2000
1995
1990
1984
1979
1974
1969
1964
1959
1954
1948
1943
1938
1933
1928
1922
1917
1912
1907
1902
1896
1891
1886
1881
1875
1870
1865
1860
1854
1849
1844
1838
1833
1828
1823
1817
1812
1807
1801
1796
1791
1785
1780
1774
1769
1764
1758
1753
1748
1742
1737
1731
1726
1720
1715
1710
1704
1699
1693
1688
1682
1677
1671
1666
1660
1655
1649
1644
1638
1633
1627
1622
1616
1611
1605
1600
1594
1588
1583
1577
1572
1566
1560
1555
1549
1544
1538
1532
1527
1521
1515
1510
1504
1498
1493
1487
1481
1476
1470
1464
1458
1453
1447
1441
1435
1430
1424
1418
1412
1407
1401
1395
1389
1383
1378
1372
1366
1360
1354
1348
1343
1337
1331
1325
1319
1313
1307
1301
1295
1290
1284
1278
1272
1266
1260
1254
1248
1242
1236
1230
1224
1218
1212
1206
1200
1194
1188
1182
1176
1170
1164
1158
1152
1146
1139
1133
1127
1121
1115
1109
1103
1097
1091
1084
1078
1072
1066
1060
1053
1047
1041
1035
1029
1022
1016
1010
1004
997
991
985
979
972
966
960
953
947
941
935
928
922
915
909
903
896
890
884
877
871
864
858
852
845
839
832
826
819
813
806
800
793
787
780
774
767
761
754
748
741
735
728
721
715
708
702
695
688
682
675
668
662
655
649
642
635
628
622
615
608
602
595
588
581
575
568
561
554
547
541
534
527
520
513
507
500
493
486
479
472
465
458
452
445
438
431
424
417
410
403
396
389
382
375
368
361
354
347
340
333
326
319
311
304
297
290
283
276
269
262
254
247
240
233
226
219
211
204
197
190
182
175
168
161
153
146
139
131
124
117
109
102
95
87
80
73
65
58
50
43
35
28
21
13
7
1
-3
